2.93
3.28
3.22
3.12
3.13
3.29
3.06
2.94
3.06
3.06
2.94
3.06
3.25
2.94
3.15
3.16
3.09
3.06
3.06
3.03
3.03
3.06
3.25
3.09
3.03
3.4
3.1
3.03
3.16
3.12
2.97
3.25
3.22
3.19
3.06
3.09
3.16
3
2.94
2.94
2.97
3.03
3.06
3.03
3.12
3.09
3.07
3
3.06
3.06
2.91
3.03
3.03
3.09
3.09
2.91
3.09
3
3.37
2.98
2.91
2.97
3.06
2.88
3.28
3.13
3
3.12
3.09
3.03
3.03
3.06
2.87
3.19
3.12
3.15
3.06
2.91
3.18
3.03
2.91
3.06
3.09
3
3.1
3.12
3.25
2.78
3.09
3.03
3.03
2.94
2.97
3.06
2.97
3
3.12
3.06
3.06
2.94
3.1
3.15
3.03
3.09
3.03
2.94
3.06
2.97
3.13
3.06
3
2.97
2.97
3.22
3.06
2.94
3.06
3
3.03
3.09
3.06
3.16
3
3.12
3.16
3.03
3.16
2.96
3.19
2.97
3
3.03
2.94
3.06
2.81
3.12
3.06
3
2.97
3.16
3
3.09
2.91
3.25
3.13
2.97
3.06
2.9
3.03
3.06
3.04
2.97
2.97
3.12
3.13
3.13
3.03
2.88
3.1
3.13
3.1
3
3.09
3.19
3.06
3.13
2.84
3
2.94
3.13
3.03
3.1
3.19
3.03
3.13
2.9
3.06
3.06
3.13
3.15
3.03
2.97
2.96
3.22
3.15
3.1
3
3.19
2.79
3.07
2.94
3.13
3.1
3.03
3.19
3.06
3.06
2.94
3.16
2.88